0.3489987850189209
0.20096111297607422
0.20096302032470703
0.2029588222503662
0.20396041870117188
0.2009587287902832
0.19996356964111328
0.20499467849731445
0.2009599208831787
0.20395898818969727
0.20247626304626465
0.1989452838897705
0.20195412635803223
0.2030012607574463
0.2098546028137207
0.20695900917053223
0.19896507263183594
0.20099878311157227
0.21199989318847656
0.19999957084655762
0.1999988555908203
0.20400023460388184
0.1979990005493164
0.19900083541870117
0.19899916648864746
0.20199823379516602
0.19996213912963867
0.1999979019165039
0.19700098037719727
0.19600224494934082
0.194000244140625
0.19700050354003906
0.19500136375427246
0.19857192039489746
0.19499969482421875
0.19457316398620605
0.19500064849853516
0.22099995613098145
0.2220001220703125
0.21799898147583008
0.2090013027191162
0.20402765274047852
0.20396041870117188
0.20399975776672363
0.20057272911071777
0.1979997158050537
0.1960010528564453
0.19699954986572266
0.19700169563293457
0.2030017375946045
0.20000076293945312
0.19857573509216309
0.20100116729736328
0.20296502113342285
